1：T路口
        'ego_transform': [(165.5, -5.3, 180.2), (149, -28.2, 90), ],
        'target_transform': [(96.3, -6.9, 180.2),(96.3, -6.9, 180.2)],

2.十字路口
        'ego_transform': [(-20,135,-1.2),(-5.9,120,90),],
        'target_transform': [(50,135,-1.2),(-6,184,90),],
3.环岛
        'ego_transform': [(22.7, 3.8, -90.1),(30.2, -4.1, -179.0),],
        'target_transform': [(8.3,-89,-88.6),(-10,37.6,85),],

4.长距离导航
        'ego_transform': [(-75.2,-117.7,-87.9),(-87.4,-137.2,-0.2),],
        'target_transform': [(149, -28.2, 90), (149, -28.2, 90),],
        'noise': False,
        'long':False,
        'temp_transform':[(-0.3,-155.6,94.2),(82.7,-145.7,92.1),(150.3,-146.1,93.2),(200.7,130.7,91.1),],
        'temp_target': [(-44,-4.2,176),(78.4,-60.7,92.1),(148,-50,93.2),(100.7,130.7,91.1),],
        'temp_destroy':[-32,60,120,-30]
